"CITED"	1
1012404	1
1023526	1
1042477	1
1071846	1
1090171	1
1092080	1
1106732	1
1108748	1
1126294	1
1130716	1
1137078	1
1185538	1
1223924	1
1254071	1
1268032	1
1272131	1
1274165	1
129311	1
1293693	1
1304103	1
1315755	1
1323148	1
1324234	1
1326511	1
1326561	1
1331793	1
1336010	1
1342036	1
1346053	1
1369794	1
1377626	1
1382309	1
1384972	1
14040	1
1420220	1
1435144	1
1437024	1
1454857	1
1457373	1
1457550	1
1465653	1
1474808	1
1477520	1
1477851	1
1479503	1
1483560	1
1483865	1
1486463	1
1492076	1
1501020	1
1515701	1
1534968	1
1540798	1
1562533	1
1566812	1
1571622	1
1572275	1
1582881	1
1584316	1
1600859	1
1610982	1
1631889	1
1642577	1
1648624	1
1662612	1
1662836	1
1664491	1
16749	1
1687498	1
1693711	1
1700121	1
170178	1
1702378	1
1702700	1
1708462	1
1714684	1
1723630	1
1732243	1
17445	1
1755152	1
1758451	1
1766217	1
1781098	1
1794517	1
1807824	1
1811300	1
1811781	1
1814616	1
1815194	1
1816494	1
1827558	1
1836980	1
1837938	1
1838448	1
1838982	1
1840417	1
1864832	1
1873595	1
1876205	1
1883513	1
1896175	1
1899775	1
1905944	1
1908074	1
1917154	1
1923020	1
1929245	1
1936846	1
1956818	1
1959319	1
1960166	1
1962481	1
1962826	1
1963446	1
1963565	1
1971175	1
1977423	1
2004151	1
2005885	1
2010259	1
2012755	1
2017881	1
2019475	1
2025946	1
2039490	1
2041616	1
2043445	1
2043931	1
2045678	1
2045884	1
2053031	1
2054460	1
205960	1
2060100	1
2064344	1
2069266	1
2072303	1
2072984	1
2084138	1
2086008	1
2087432	1
2098564	1
2102842	1
2106335	1
2107034	1
2121606	1
2127285	1
2129225	1
2130311	1
2132148	1
2139244	1
2140998	1
2143426	1
2148213	1
2154099	1
2155516	1
2157381	1
2160395	1
2163409	1
2167296	1
2169409	1
2169882	1
2173406	1
2174441	1
2175916	1
2181487	1
2187223	1
2187387	1
2187871	1
2196136	1
2198985	1
2199198	1
2203591	1
2209855	1
2211676	1
2224232	1
2229003	1
2239192	1
2245420	1
2256104	1
2258560	1
2261565	1
2266724	1
2267384	1
2273773	1
2274232	1
2280836	1
2282854	1
2289323	1
2290979	1
2292141	1
2294197	1
2304766	1
2307899	1
2310037	1
2312762	1
2313225	1
2317428	1
2318291	1
2323096	1
2325517	1
2329729	1
2331472	1
2334257	1
2335376	1
2339897	1
2340853	1
2340866	1
2351425	1
2354961	1
2359517	1
2359594	1
2366652	1
2368930	1
2380932	1
2387073	1
2387193	1
2394884	1
2395374	1
2397382	1
2398035	1
2399631	1
2400008	1
2423658	1
2423786	1
2425675	1
2431087	1
2436507	1
2437135	1
2439569	1
2446021	1
2447105	1
2449759	1
2449824	1
2450511	1
2451504	1
2454777	1
2459953	1
2461449	1
2468554	1
2471486	1
2475318	1
2484217	1
2491883	1
2492479	1
2495350	1
2495599	1
2500679	1
2504184	1
2508063	1
2512748	1
2518060	1
2522787	1
2526371	1
2528431	1
2531440	1
2532770	1
2532857	1
2540919	1
2543998	1
2563386	1
2569665	1
2584231	1
2586176	1
2589703	1
2591925	1
2592936	1
2594981	1
2599580	1
2601793	1
2606406	1
2618055	1
2621372	1
2631455	1
2634832	1
2635338	1
2635670	1
2637139	1
2640793	1
2641087	1
2642724	1
2647353	1
2651144	1
2651483	1
2652770	1
2663812	1
2663952	1
2664716	1
2665035	1
2665963	1
2668342	1
2671951	1
2672002	1
2677461	1
2677837	1
2684558	1
2691817	1
2696049	1
2700407	1
2702216	1
2702225	1
2707838	1
2707850	1
2709817	1
2709934	1
2710550	1
2713201	1
2714760	1
2716321	1
2720005	1
2722092	1
2722170	1
2724562	1
2726419	1
2727297	1
2728145	1
2738556	1
2741363	1
2741776	1
2741899	1
2742076	1
2746221	1
2756172	1
2756361	1
2756765	1
2761179	1
2765243	1
2779116	1
2779565	1
2781577	1
2781611	1
2784132	1
2784424	1
2784474	1
2786326	1
2787435	1
2790591	1
2797530	1
2803865	1
2804681	1
2807431	1
2810941	1
2811342	1
2812275	1
2814151	1
2814859	1
2814907	1
2815971	1
2817867	1
2817893	1
2820107	1
2824789	1
2826500	1
2826872	1
2830380	1
2834122	1
2836882	1
2838266	1
2838924	1
2841161	1
2842777	1
2847853	1
2851770	1
2851815	1
2859567	1
2863346	1
2866982	1
2867037	1
286736	1
2869141	1
2869143	1
2875449	1
2876062	1
2879549	1
2883675	1
2885718	1
2886015	1
2887145	1
2887224	1
2888752	1
2892312	1
2896239	1
2901801	1
2902838	1
2906064	1
2907097	1
2907151	1
2909822	1
2910652	1
2912700	1
2912902	1
2915790	1
2916812	1
2921386	1
2921464	1
2922283	1
2926378	1
2926478	1
2930197	1
2936712	1
2945241	1
2945321	1
2949611	1
2949981	1
2951167	1
2955773	1
2958963	1
2959891	1
2962597	1
2962812	1
2964916	1
2968094	1
2972724	1
2973576	1
2976649	1
2976970	1
2984846	1
2987096	1
2987330	1
2991750	1
2994200	1
2994298	1
2996553	1
3000113	1
3001245	1
3001392	1
3001718	1
3004279	1
3005283	1
3007191	1
3008230	1
3008306	1
3017934	1
3020965	1
3022581	1
3022604	1
3024644	1
3028924	1
3028987	1
3030879	1
3033016	1
3034275	1
3036449	1
3038597	1
3044233	1
3045294	1
3046509	1
3048212	1
3048982	1
3051216	1
3053533	1
3054117	1
3054153	1
3055390	1
3059471	1
3059597	1
3060453	1
3060525	1
3060566	1
3062337	1
3063136	1
3063192	1
3064399	1
3065507	1
3065579	1
3066405	1
3070495	1
3076360	1
3077311	1
3081661	1
3084420	1
3090973	1
3091818	1
3092049	1
3092525	1
3094751	1
3097369	1
3097496	1
3100569	1
3102833	1
3105337	1
3106131	1
3106703	1
3108462	1
3108623	1
3110093	1
3110102	1
3111777	1
311220	1
3114176	1
3119289	1
3120012	1
3120030	1
3121000	1
3122826	1
3129535	1
3130699	1
3131364	1
3134163	1
3137017	1
3137047	1
3137082	1
3139595	1
3140130	1
3140600	1
3140858	1
3140986	1
3142113	1
3143009	1
3146465	1
3147518	1
3147562	1
3147648	1
3151510	1
3156927	1
3158236	1
3159015	1
3160076	1
3163943	1
3163971	1
3167980	1
3168034	1
3168778	1
3169423	1
3174214	1
3176316	1
3181295	1
3183560	1
3184436	1
3186025	1
3186067	1
3187320	1
3187371	1
3190013	1
3190111	1
3190843	1
3199289	1
3201901	1
3202950	1
3203002	1
3203033	1
3203058	1
3204343	1
3205587	1
3205630	1
3208162	1
3210876	1
3210988	1
3212270	1
3212369	1
3213642	1
3214932	1
3218109	1
3218724	1
3220921	1
3220960	1
3221341	1
3222745	1
3229369	1
3229388	1
3229470	1
3230687	1
3238540	1
3242687	1
3243903	1
3245187	1
3248923	1
3252312	1
3252686	1
3254355	1
3255556	1
3258876	1
3258885	1
3261013	1
3261129	1
3262206	1
3262280	1
3263321	1
3263359	1
3266127	1
3267830	1
3271940	1
3273281	1
3274736	1
3277620	1
3278234	1
3279729	1
3282012	1
3284137	1
3284812	1
3286446	1
3286595	1
3287846	1
3289214	1
3290704	1
3290799	1
3294139	1
3295252	1
3295589	1
3299456	1
3299812	1
3300938	1
3301032	1
3301527	1
3301611	1
3302961	1
3304558	1
3307830	1
3308491	1
3308543	1
3310865	2
3310937	1
3313047	1
3314119	1
3314201	1
3315352	1
3315487	1
3316669	1
3316787	1
3319261	1
3319588	1
3320622	1
3320708	1
3320907	1
3324482	1
3324621	1
3324685	1
3324703	1
3327499	1
3331084	1
3333353	1
3336970	1
3341966	1
3342027	1
3345675	1
3347083	1
3348883	1
3350864	1
3353374	1
3354700	1
3354761	1
3354922	1
3355852	1
3358451	1
3359681	1
3359741	1
3360668	1
3362123	1
3365730	1
3365875	1
3368229	1
3373474	1
3377635	1
3377756	1
3380196	1
3381479	1
3383092	1
3383795	1
3387337	1
3388500	1
3389560	1
3390168	1
3392450	1
3398406	1
3398487	1
3398499	1
3400650	1
3401431	1
3401676	1
3402068	1
3403696	1
3405986	1
3410053	1
3410604	1
3413665	1
3416492	1
3416578	1
3418199	1
3418664	1
3419060	1
3421794	1
3423900	1
3427868	1
3431162	1
3432205	1
3434220	1
3435649	1
3436095	1
3436885	1
3438125	1
3440433	1
3443112	1
3443136	1
3444689	1
3445151	1
3445882	1
3446480	1
3449247	1
3449877	1
3449992	1
3451067	1
3452714	1
3455095	1
3457695	1
3458874	1
3459603	1
3460245	1
3460373	1
34608	1
3461704	1
3462906	1
3462943	1
3464263	1
3464654	1
3466126	1
3468100	1
3468781	1
3470694	1
3470943	1
3472058	1
3473382	1
3475803	1
3476516	1
3478504	1
3478524	1
3481251	1
3486579	1
3488906	1
3490170	1
3491436	1
3492783	1
3492850	1
3493273	1
3494014	1
3496967	1
3503079	1
3503496	1
3505597	1
3507146	1
3508319	1
3509619	1
3510888	1
3512324	1
3513622	1
3525147	1
3525234	1
3527087	1
3528200	1
3528693	1
3529341	1
3530488	1
3531670	1
3535884	1
3537921	1
3540200	1
3540201	1
3541588	1
3543522	1
3543560	1
3545078	1
3546715	1
3548420	1
3549216	1
3550322	1
3550339	1
3550403	1
3552128	1
3552930	1
3553737	1
3553813	1
3553924	1
3555483	1
3555674	1
3555754	1
3555866	1
3555963	1
3557384	1
3557590	1
3557600	1
3557750	1
3559449	1
3560448	1
3561099	1
3564705	1
3566546	1
3566647	1
3570182	1
3571947	1
3574238	1
3574985	1
3575025	1
3577876	1
3579684	1
3581379	1
3582118	1
3583041	1
3583093	1
3583815	1
3584362	1
3584500	1
3588980	1
3589171	1
3590624	1
3592155	1
3594838	1
3600876	1
3601877	1
3602754	1
3602756	1
3602972	1
3606404	1
3606627	1
3606779	1
3608095	1
3608111	1
3608118	1
3608299	1
3608317	1
3609772	1
3611446	1
3611447	1
3611507	1
3613316	1
3616380	1
3621657	1
3621837	2
3623220	1
3623921	1
3624888	1
3626542	1
3626602	1
3626715	1
3627443	1
3628226	1
3628845	1
3631631	1
3634889	1
3638286	1
3638372	1
3638418	1
3638434	1
3640059	1
3641592	1
3646723	1
3647730	1
3648327	1
3648405	1
3650018	1
3650078	1
3654788	1
3655463	1
3660931	1
3662593	1
3664114	1
3667240	1
3668705	1
3668900	1
3668904	1
3670446	1
3670489	1
3672026	1
3673710	1
3674359	1
3675242	1
3676980	1
3680753	1
3681785	1
3681796	1
3684611	1
3685100	1
3686867	1
3688398	1
3688400	1
3688492	1
3689976	1
3689998	1
3690835	1
3691641	1
3691689	1
3691759	1
3693544	1
3694819	1
3694825	1
3695690	1
3696074	1
3697192	1
3697865	1
3698079	1
3698151	1
3699969	1
3701219	1
3701632	1
3703954	1
3705312	1
3706104	1
3706241	1
3707004	1
3708987	1
3710569	1
3711931	1
3712119	1
3712825	1
3713127	1
3716990	1
3717949	1
3718965	1
3719014	1
3719058	1
3720066	1
3720533	1
3721232	1
3723190	1
3724096	1
3724121	1
3724760	1
3727442	1
3731335	1
3731519	1
3733527	1
3733804	1
3734550	1
3736601	1
3738123	1
3738434	1
3739512	1
3739518	1
3740843	1
3744099	1
3744238	1
3744363	1
3745696	1
3745794	1
3748663	1
3748885	1
3750410	1
3751785	1
3754060	1
3755824	2
3755838	1
3756377	1
3757398	1
3762110	1
3768143	1
3768550	1
3774478	1
3775825	1
3777479	1
3777482	1
3778127	1
3780541	1
3781523	1
3781532	1
3783510	1
3785050	1
3785554	1
3786563	1
3790992	1
3798921	1
3805383	1
3809020	1
3810318	1
3810366	1
3817025	1
3820386	1
3822586	1
411683	1
447475	1
456208	1
466846	1
495036	1
497917	1
531060	1
554300	1
55828	1
596217	1
607854	1
668720	1
689778	1
696068	1
732540	1
733470	1
747749	1
766725	1
773612	1
777409	1
786586	1
822723	1
828894	1
830016	1
842965	1
852450	1
873997	1
904860	1
933962	1
951472	1
956203	1
